[LEFT_CAM_2K]
fx=1397.44
fy=1397.44
cx=1038.22
cy=627.739
k1=-0.171812
k2=0.0261878
p1=0
p2=0

[RIGHT_CAM_2K]
fx=1397.16
fy=1397.16
cx=1051
cy=592.946
k1=-0.170123
k2=0.0254846
p1=0
p2=0

[LEFT_CAM_FHD]
fx=1397.44
fy=1397.44
cx=894.217
cy=546.739
k1=-0.171812
k2=0.0261878
p1=0
p2=0

[RIGHT_CAM_FHD]
fx=1397.16
fy=1397.16
cx=907.005
cy=511.946
k1=-0.170123
k2=0.0254846
p1=0
p2=0

[LEFT_CAM_HD]
fx=698.719
fy=698.719
cx=605.608
cy=361.87
k1=-0.171812
k2=0.0261878
p1=0
p2=0

[RIGHT_CAM_HD]
fx=698.58
fy=698.58
cx=612.002
cy=344.473
k1=-0.170123
k2=0.0254846
p1=0
p2=0

[LEFT_CAM_VGA]
fx=349.36
fy=349.36
cx=318.304
cy=188.435
k1=-0.171812
k2=0.0261878
p1=0
p2=0

[RIGHT_CAM_VGA]
fx=349.29
fy=349.29
cx=321.501
cy=179.737
k1=-0.170123
k2=0.0254846
p1=0
p2=0

[STEREO]
Baseline=120
CV_2K=0.00443571
CV_FHD=0.00443571
CV_HD=0.00443571
CV_VGA=0.00443571
RX_2K=-0.00675547
RX_FHD=-0.00675547
RX_HD=-0.00675547
RX_VGA=-0.00675547
RZ_2K=-0.00161597
RZ_FHD=-0.00161597
RZ_HD=-0.00161597
RZ_VGA=-0.00161597



