image_width: 960
image_height: 720
projection_matrix:
  rows: 3
  cols: 4
  data: [699.026, 0.000000, 625.794, 0.000000, 0.000000, 699.026, 355.453, 0.000000, 0.000000, 0.000000, 1.000000, 0.000000]
